1010721 1120315 1010634 1120297
1012059 1121421 1012188 1121428
1010634 1120297 1010581 1120411
1012059 1121421 1011988 1121479
1010634 1120297 1010539 1120118
1012030 1121343 1012059 1121421
1012020 1121320 1012205 1121309
1012030 1121343 1012020 1121320
1011071 1120588 1010770 1120351
1010556 1120428 1010581 1120411
1010556 1120428 1010542 1120555
1010542 1120555 1010632 1120738
1011732 1121420 1011793 1121692
1010784 1121259 1010877 1121239
1010858 1121387 1011129 1121326
1010858 1121387 1010784 1121259
1011732 1121420 1011318 1121175
1011129 1121326 1011318 1121175
1010883 1121155 1010637 1121019
1011830 1121268 1011732 1121420
1010883 1121155 1010877 1121239
1010637 1121019 1010540 1120918
1011064 1120723 1011173 1120859
1011173 1120859 1011146 1120958
1010721 1120315 1010770 1120351
1011169 1120664 1011071 1120588
1011360 1120812 1011507 1120902
1011507 1120902 1011602 1120958
1011981 1121181 1011830 1121268
1011981 1121181 1012020 1121320
1011981 1121181 1012212 1121196
1011981 1121181 1011602 1120958
1011360 1120812 1011737 1120717
1011360 1120812 1011169 1120664
1011507 1120902 1011146 1120958
1011602 1120958 1011318 1121175
1011064 1120723 1011169 1120664
1011064 1120723 1011071 1120588
1011064 1120723 1010632 1120738
1010883 1121155 1011146 1120958
1010721 1120315 1010581 1120411
1010770 1120351 1010957 1120279
1010957 1120279 1010983 1120214
1010983 1120214 1010938 1120078
1010938 1120078 1010758 1119932
